[gd_scene load_steps=42 format=3 uid="uid://blkebfh34p4eq"]

[ext_resource type="PackedScene" uid="uid://csjrgcxhntrg" path="res://source/actors/building pieces/basic/stone_floor.tscn" id="1"]
[ext_resource type="PackedScene" uid="uid://dxilow4owel0j" path="res://source/actors/building pieces/archways/crawlway.tscn" id="2"]
[ext_resource type="PackedScene" uid="uid://db0l5d6phwago" path="res://source/actors/building pieces/basic/stone_wall.tscn" id="3"]
[ext_resource type="PackedScene" uid="uid://baapn46f55fhe" path="res://source/actors/building pieces/pillar.tscn" id="4"]
[ext_resource type="PackedScene" uid="uid://cx0vwjgdcwwar" path="res://source/actors/decor/misc/torch_holder.tscn" id="6"]
[ext_resource type="PackedScene" uid="uid://cdwhh8mxom6hc" path="res://source/actors/decor/furniture/shelf.tscn" id="7"]
[ext_resource type="PackedScene" uid="uid://bmo0axv5ubxf4" path="res://source/actors/decor/furniture/low_shelf.tscn" id="8"]
[ext_resource type="PackedScene" uid="uid://bfj41shy37gn5" path="res://source/actors/decor/misc/barrel.tscn" id="9"]
[ext_resource type="PackedScene" uid="uid://ciqhcdlogy3np" path="res://source/actors/decor/misc/hanging_lamp.tscn" id="10"]
[ext_resource type="PackedScene" uid="uid://crmw1mps0n051" path="res://source/actors/decor/misc/wall_rack.tscn" id="11"]
[ext_resource type="PackedScene" uid="uid://bo4luppq7sv50" path="res://source/actors/decor/misc/chain_loop.tscn" id="12"]
[ext_resource type="PackedScene" uid="uid://dwftqrh553lc1" path="res://source/actors/decor/furniture/sm_table.tscn" id="13"]
[ext_resource type="PackedScene" uid="uid://dm1gll4fm0v1v" path="res://source/actors/decor/groups/lg_stacked_barrels.tscn" id="14"]
[ext_resource type="PackedScene" uid="uid://dprey8cgl5ux2" path="res://source/actors/decor/misc/pots/sm_tall_pot.tscn" id="16"]
[ext_resource type="PackedScene" uid="uid://i5hrnoctaqf8" path="res://source/actors/decor/kitchen/plate_2.tscn" id="17"]
[ext_resource type="PackedScene" uid="uid://cyh3d86iqwioi" path="res://source/actors/decor/misc/double_crate.tscn" id="18"]
[ext_resource type="PackedScene" uid="uid://bxeqhg7y7wy06" path="res://source/actors/decor/misc/pots/tall_pot.tscn" id="19"]
[ext_resource type="PackedScene" uid="uid://b1k5l8caeklwy" path="res://source/actors/decor/furniture/wall_shelf.tscn" id="20"]
[ext_resource type="PackedScene" uid="uid://c0j1d0qath30j" path="res://source/actors/decor/misc/bucket.tscn" id="21"]
[ext_resource type="PackedScene" uid="uid://cq0xi66roalva" path="res://source/actors/decor/misc/sm_crate.tscn" id="22"]
[ext_resource type="PackedScene" uid="uid://bpbucejg2mbbm" path="res://source/actors/decor/furniture/stand.tscn" id="24"]
[ext_resource type="PackedScene" uid="uid://q5i8ptdyqmxg" path="res://source/actors/decor/misc/rope/laying_rope_2.tscn" id="25"]
[ext_resource type="PackedScene" uid="uid://gl2we4tjxsd8" path="res://source/actors/decor/misc/broken_barrel.tscn" id="26"]
[ext_resource type="PackedScene" uid="uid://do60vw7pnfa80" path="res://source/actors/decor/groups/sm_stacked_barrels.tscn" id="27"]
[ext_resource type="PackedScene" uid="uid://samn2dje0fbg" path="res://source/actors/decor/misc/rope/laying_rope_1.tscn" id="29"]
[ext_resource type="PackedScene" uid="uid://ch5xuf7fbx5ug" path="res://source/actors/decor/misc/rope/laying_rope_3.tscn" id="30"]
[ext_resource type="PackedScene" uid="uid://i3byua7eq2yc" path="res://source/actors/decor/furniture/stool.tscn" id="31"]
[ext_resource type="PackedScene" uid="uid://bwtgi3d6g0byh" path="res://source/actors/building pieces/archways/archway_w_door.tscn" id="31_fd1o6"]
[ext_resource type="PackedScene" uid="uid://cc0tty3w5igex" path="res://source/actors/decor/debris/plank_2.tscn" id="32"]
[ext_resource type="PackedScene" uid="uid://d1mwp4x3eptlc" path="res://source/actors/decor/groups/sm_stacked_planks2.tscn" id="32_05uxv"]
[ext_resource type="PackedScene" uid="uid://b122fw871cljx" path="res://source/actors/decor/groups/sm_stacked_planks.tscn" id="33_21gew"]
[ext_resource type="Script" uid="uid://sngnshbbvkhv" path="res://source/actors/rooms/inventory_tutorial.gd" id="34_yoy6g"]
[ext_resource type="PackedScene" uid="uid://dqlc1s8bbnegp" path="res://source/actors/interactables/pickups/key.tscn" id="35_fb2me"]
[ext_resource type="AudioStream" uid="uid://kf0n4pfopots" path="res://source/assets/sounds/misc/key_pickup.ogg" id="36_nu7hr"]
[ext_resource type="PackedScene" uid="uid://cvw5hi4ridgw" path="res://source/actors/decor/misc/pots/urn_1.tscn" id="37_38ko5"]
[ext_resource type="Script" uid="uid://c8rev6ihosd6u" path="res://source/assets/resources/item_data.gd" id="37_j145v"]
[ext_resource type="PackedScene" uid="uid://dkjbo1lmsiv60" path="res://source/actors/decor/misc/pots/urn_2.tscn" id="38_83wnf"]
[ext_resource type="Texture2D" uid="uid://xnufeie5j8rn" path="res://source/assets/ui/inventory/key.png" id="38_wcs0f"]
[ext_resource type="ArrayOccluder3D" uid="uid://18th0mg6e26a" path="res://source/actors/rooms/occluders/medium_room_1.occ" id="39_3i3hg"]


[sub_resource type="BoxShape3D" id="BoxShape3D_rvbou"]
size = Vector3(16.5, 8, 1)

[sub_resource type="Resource" id="Resource_rcox7"]
script = ExtResource("37_j145v")
name = "Cell Hall Key"
texture = ExtResource("38_wcs0f")
pickup_sound = ExtResource("36_nu7hr")
self_useable = false
hold_rotation_offset = Vector3(0, 200, 90)
hold_scale_multiplier = 0.5

[node name="MediumRoom1" type="Node3D"]

[node name="StoneFloor" parent="." instance=ExtResource("1")]
transform = Transform3D(1, 0, 0, 0, 1, 0, 0, 0, 1, -1, 0, 5)
size = Vector3(28, 1, 20)

[node name="StoneFloor3" parent="." instance=ExtResource("1")]
transform = Transform3D(1, 0, 0, 0, 1, 0, 0, 0, 1, 0.5, 0, -14)
size = Vector3(20, 1, 18)

[node name="StoneFloor2" parent="." instance=ExtResource("1")]
transform = Transform3D(1, 0, 0, 0, 1, 0, 0, 0, 1, 0, 9, 5)
size = Vector3(28, 1, 20)

[node name="StoneFloor4" parent="." instance=ExtResource("1")]
transform = Transform3D(1, 0, 0, 0, 1, 0, 0, 0, 1, 0.5, 9, -14)
size = Vector3(20, 1, 18)

[node name="StoneWall" parent="." instance=ExtResource("3")]
transform = Transform3D(1, 0, 0, 0, 1, 0, 0, 0, 1, -10.5, 4.5, 5.25)
size = Vector3(1, 8, 10)

[node name="StoneWall2" parent="." instance=ExtResource("3")]
transform = Transform3D(1, 0, 0, 0, 1, 0, 0, 0, 1, -10.5, 4.5, 13.875)
size = Vector3(1, 8, 2.25)

[node name="StoneWall3" parent="." instance=ExtResource("3")]
transform = Transform3D(1, 0, 0, 0, 1, 0, 0, 0, 1, -7.25, 4.5, 14.5)
size = Vector3(5.5, 8, 1)

[node name="StoneWall4" parent="." instance=ExtResource("3")]
transform = Transform3D(1, 0, 0, 0, 1, 0, 0, 0, 1, 9.5, 4.5, 11.5)
size = Vector3(1, 8, 5)

[node name="StoneWall5" parent="." instance=ExtResource("3")]
transform = Transform3D(1, 0, 0, 0, 1, 0, 0, 0, 1, 2.25, 7, 14.5)
size = Vector3(5, 3, 1)

[node name="StoneWall6" parent="." instance=ExtResource("3")]
transform = Transform3D(1, 0, 0, 0, 1, 0, 0, 0, 1, -10.5, 5.75, 11.5)
size = Vector3(1, 5.5, 2.5)

[node name="StoneWall7" parent="." instance=ExtResource("3")]
transform = Transform3D(1, 0, 0, 0, 1, 0, 0, 0, 1, 9.5, 4.5, -8.5)
size = Vector3(1, 8, 10)

[node name="StoneWall8" parent="." instance=ExtResource("3")]
transform = Transform3D(1, 0, 0, 0, 1, 0, 0, 0, 1, -6.5, 4.5, 0.75)
size = Vector3(7, 8, 1)

[node name="StoneWall9" parent="." instance=ExtResource("3")]
transform = Transform3D(1, 0, 0, 0, 1, 0, 0, 0, 1, -3.5, 4.5, -3.25)
size = Vector3(1, 8, 7)

[node name="StoneWall10" parent="." instance=ExtResource("3")]
transform = Transform3D(1, 0, 0, 0, 1, 0, 0, 0, 1, -5.5, 4.5, -7.25)
size = Vector3(5, 8, 1)

[node name="StoneWall11" parent="." instance=ExtResource("3")]
transform = Transform3D(1, 0, 0, 0, 1, 0, 0, 0, 1, -5, 4.5, 12)
size = Vector3(1, 8, 4)

[node name="StoneWall12" parent="." instance=ExtResource("3")]
transform = Transform3D(1, 0, 0, 0, 1, 0, 0, 0, 1, -7.5, 4.5, -10)
size = Vector3(1, 8, 4.5)

[node name="StoneWall13" parent="." instance=ExtResource("3")]
transform = Transform3D(1, 0, 0, 0, 1, 0, 0, 0, 1, -7.5, 4.5, -19.5)
size = Vector3(1, 8, 4.5)

[node name="StoneWall14" parent="." instance=ExtResource("3")]
transform = Transform3D(1, 0, 0, 0, 1, 0, 0, 0, 1, -7.5, 7, -14.75)
size = Vector3(1, 3, 5)

[node name="StoneWall15" parent="." instance=ExtResource("3")]
transform = Transform3D(1, 0, 0, 0, 1, 0, 0, 0, 1, 7, 4.5, -14)
size = Vector3(6, 8, 1)

[node name="StoneWall17" parent="." instance=ExtResource("3")]
transform = Transform3D(1, 0, 0, 0, 1, 0, 0, 0, 1, 4.5, 4.5, -18.125)
size = Vector3(1, 8, 7.25)

[node name="StoneWall18" parent="." instance=ExtResource("3")]
transform = Transform3D(1, 0, 0, 0, 1, 0, 0, 0, 1, 11.5, 4.5, -4)
size = Vector3(3, 8, 1)

[node name="StoneWall19" parent="." instance=ExtResource("3")]
transform = Transform3D(1, 0, 0, 0, 1, 0, 0, 0, 1, 11.5, 4.5, 9.5)
size = Vector3(3, 8, 1)

[node name="StoneWall20" parent="." instance=ExtResource("3")]
transform = Transform3D(1, 0, 0, 0, 1, 0, 0, 0, 1, 12.5, 4.5, 2.75)
size = Vector3(1, 8, 12.5)

[node name="StoneArchway" parent="." instance=ExtResource("2")]
transform = Transform3D(7.54979e-08, 0, 5, 0, 1, 0, -1, 0, 3.77489e-07, -10, 0.5, 11.5)

[node name="Pillar" parent="." instance=ExtResource("4")]
transform = Transform3D(1, 0, 0, 0, 1, 0, 0, 0, 1, -9.5, 1.5, 13.5)

[node name="Pillar7" parent="." instance=ExtResource("4")]
transform = Transform3D(1, 0, 0, 0, 1, 0, 0, 0, 1, -5, 1.5, 9.5)

[node name="Pillar8" parent="." instance=ExtResource("4")]
transform = Transform3D(1, 0, 0, 0, 1, 0, 0, 0, 1, -6, 1.5, 13.5)

[node name="Pillar9" parent="." instance=ExtResource("4")]
transform = Transform3D(1, 0, 0, 0, 1, 0, 0, 0, 1, -4, 1.5, 13.5)

[node name="Pillar4" parent="." instance=ExtResource("4")]
transform = Transform3D(1, 0, 0, 0, 1, 0, 0, 0, 1, -9.5, 1.5, 1.75)

[node name="Pillar5" parent="." instance=ExtResource("4")]
transform = Transform3D(1, 0, 0, 0, 1, 0, 0, 0, 1, -2.75, 1.5, 1.75)

[node name="Pillar6" parent="." instance=ExtResource("4")]
transform = Transform3D(1, 0, 0, 0, 1, 0, 0, 0, 1, -2.75, 1.5, -8)

[node name="Pillar10" parent="." instance=ExtResource("4")]
transform = Transform3D(1, 0, 0, 0, 1, 0, 0, 0, 1, -6.5, 1.5, -8.25)

[node name="Pillar11" parent="." instance=ExtResource("4")]
transform = Transform3D(1, 0, 0, 0, 1, 0, 0, 0, 1, -6.5, 1.5, -21.25)

[node name="Pillar12" parent="." instance=ExtResource("4")]
transform = Transform3D(1, 0, 0, 0, 1, 0, 0, 0, 1, 3.5, 1.5, -21.25)

[node name="Pillar13" parent="." instance=ExtResource("4")]
transform = Transform3D(1, 0, 0, 0, 1, 0, 0, 0, 1, 3.75, 1.5, -13.25)

[node name="Pillar14" parent="." instance=ExtResource("4")]
transform = Transform3D(1, 0, 0, 0, 1, 0, 0, 0, 1, 8.5, 1.5, -13)

[node name="Pillar2" parent="." instance=ExtResource("4")]
transform = Transform3D(1, 0, 0, 0, 1, 0, 0, 0, 1, 8.5, 1.5, 13.5)

[node name="Pillar3" parent="." instance=ExtResource("4")]
transform = Transform3D(1, 0, 0, 0, 1, 0, 0, 0, 1, 8.75, 1.5, -3.25)

[node name="Pillar16" parent="." instance=ExtResource("4")]
transform = Transform3D(1, 0, 0, 0, 1, 0, 0, 0, 1, 11.5, 1.5, -3)

[node name="Pillar17" parent="." instance=ExtResource("4")]
transform = Transform3D(1, 0, 0, 0, 1, 0, 0, 0, 1, 11.5, 1.5, 8.5)

[node name="Pillar15" parent="." instance=ExtResource("4")]
transform = Transform3D(1, 0, 0, 0, 1, 0, 0, 0, 1, 8.75, 1.5, 8.75)

[node name="LowShelf" parent="." instance=ExtResource("8")]
transform = Transform3D(1.31134e-07, 0, -1, 0, 1, 0, 1, 0, 1.31134e-07, 10.75, 0.5, -0.5)

[node name="SmCrate" parent="LowShelf" instance=ExtResource("22")]
transform = Transform3D(0.965926, 0, -0.258819, 0, 1, 0, 0.258819, 0, 0.965926, 0, 1.75, 0)

[node name="LowShelf2" parent="." instance=ExtResource("8")]
transform = Transform3D(-0.965926, 0, 0.258819, 0, 1, 0, -0.258819, 0, -0.965926, 9.75, 0.5, 6)

[node name="LayingRope2" parent="LowShelf2" instance=ExtResource("25")]
transform = Transform3D(-0.965926, 0, -0.258819, 0, 1, 0, 0.258819, 0, -0.965926, -0.54935, 1.75, -0.118352)

[node name="Shelf" parent="." instance=ExtResource("7")]
transform = Transform3D(-0.258819, 0, 0.965926, 0, 1, 0, -0.965926, 0, -0.258819, 10.25, 0.5, 3)

[node name="Barrel2" parent="." instance=ExtResource("9")]
transform = Transform3D(1, 0, 0, 0, 1, 0, 0, 0, 1, -9, 1.5, 8)

[node name="Barrel4" parent="." instance=ExtResource("9")]
transform = Transform3D(-3.78552e-08, 0.866025, 0.5, -1, -4.37114e-08, 0, 2.18557e-08, -0.5, 0.866026, -8.75, 1.25, 6.25)

[node name="HangingLamp" parent="." instance=ExtResource("10")]
transform = Transform3D(1, 0, 0, 0, 1, 0, 0, 0, 1, 4.5, 1, 2.75)
visible = false

[node name="HangingLamp2" parent="." instance=ExtResource("10")]
transform = Transform3D(0.258819, 0, 0.965926, 0, 1, 0, -0.965926, 0, 0.258819, -1.5, 1, -14.75)

[node name="HangingLamp3" parent="." instance=ExtResource("10")]
transform = Transform3D(0.258819, 0, 0.965926, 0, 1, 0, -0.965926, 0, 0.258819, 4.25, 1, 1.25)

[node name="TorchHolder" parent="." instance=ExtResource("6")]
transform = Transform3D(5.96046e-08, 0, -1, 0, 1, 0, 1, 0, 5.96046e-08, -4.5, 2.25, 9.5)

[node name="TorchHolder2" parent="." instance=ExtResource("6")]
transform = Transform3D(0, 0, 1, 0, 1, 0, -1, 0, 0, 8.25, 2.25, 8.75)

[node name="SmTable" parent="." instance=ExtResource("13")]
transform = Transform3D(1, 0, 0, 0, 1, 0, 0, 0, 1, -2, 0.5, -0.25)

[node name="LowShelf3" parent="." instance=ExtResource("8")]
transform = Transform3D(0.5, -0.866025, 3.78552e-08, 0, -4.37114e-08, -1, 0.866025, 0.5, -2.18557e-08, -2.38419e-07, 1.5, -4.25)

[node name="Barrel3" parent="." instance=ExtResource("9")]
transform = Transform3D(0.866025, 0, -0.5, 0, 1, 0, 0.5, 0, 0.866025, -1, 1.5, -7)

[node name="LgStackedBarrels" parent="." instance=ExtResource("14")]
transform = Transform3D(-4.37114e-08, 0, -1, 0, 1, 0, 1, 0, -4.37114e-08, 7.75, 1.25, -9.75)

[node name="WallRack" parent="." instance=ExtResource("11")]
transform = Transform3D(-1, 0, -8.74228e-08, 0, 1, 0, 8.74228e-08, 0, -1, 9, 2.75, -8.25)

[node name="ChainLoop" parent="WallRack" instance=ExtResource("12")]
transform = Transform3D(1, 0, 0, 0, 1, 0, 0, 0, 1, 0, 1.75, 1.5)

[node name="ChainLoop2" parent="WallRack" instance=ExtResource("12")]
transform = Transform3D(1, 0, 0, 0, 1, 0, 0, 0, 1, 0, 1.75, -1.5)

[node name="SmTallPot" parent="." instance=ExtResource("16")]
transform = Transform3D(1, 0, 0, 0, 1, 0, 0, 0, 1, -1.75, 2, 0.25)

[node name="DoubleCrate" parent="." instance=ExtResource("18")]
transform = Transform3D(0.707107, 0, -0.707107, 0, 1, 0, 0.707107, 0, 0.707107, -8.00426, 0.5, 12.5324)

[node name="DoubleCrate2" parent="." instance=ExtResource("18")]
transform = Transform3D(0.258819, 0, -0.965926, 0, 1, 0, 0.965926, 0, 0.258819, -7.74574, 1.75, 12.4676)

[node name="Plate" parent="." instance=ExtResource("17")]
transform = Transform3D(1, 0, 0, 0, 1, 0, 0, 0, 1, -1.5, 2, -0.5)

[node name="SmTallPot2" parent="." instance=ExtResource("16")]
transform = Transform3D(1, 0, 0, 0, 1, 0, 0, 0, 1, -4.75, 0.5, 3.44819)

[node name="Shelf2" parent="." instance=ExtResource("7")]
transform = Transform3D(1, 0, 0, 0, 0.965926, 0.258819, 0, -0.258819, 0.965926, -6.75, 0.75, 3.19819)

[node name="WallShelf" parent="." instance=ExtResource("20")]
transform = Transform3D(-1, 0, -8.74228e-08, 0, 1, 0, 8.74228e-08, 0, -1, -3, 4, -1.25)

[node name="TallPot" parent="WallShelf" instance=ExtResource("19")]
transform = Transform3D(1, 0, 0, 0, 1, 0, 0, 0, 1, -0.5, 0.5, -1)

[node name="SmTallPot" parent="WallShelf" instance=ExtResource("16")]
transform = Transform3D(1, 0, 0, 0, 1, 0, 0, 0, 1, -0.750001, 0, 0.5)

[node name="DoubleCrate3" parent="." instance=ExtResource("18")]
transform = Transform3D(-0.617489, 0, 0.786579, 0, 1, 0, -0.786579, 0, -0.617489, 2, 0.5, -16.5802)

[node name="DoubleCrate4" parent="." instance=ExtResource("18")]
transform = Transform3D(-0.80003, 0, 0.59996, 0, 1, 0, -0.59996, 0, -0.80003, 2, 1.75, -16.5802)

[node name="WallShelf3" parent="." instance=ExtResource("20")]
transform = Transform3D(1, 0, 1.74845e-07, 0, 1, 0, -1.74845e-07, 0, 1, 12, 4.5, -0.25)

[node name="DoubleCrate" parent="WallShelf3" instance=ExtResource("18")]
transform = Transform3D(0.141471, 0, -0.989942, 0, 1, 0, 0.989942, 0, 0.141471, -0.830222, 0, 0)

[node name="SmStackedBarrels" parent="." instance=ExtResource("27")]
transform = Transform3D(0.707107, 0, 0.707107, 0, 1, 0, -0.707107, 0, 0.707107, -4.75, 0.5, -19.5)

[node name="BrokenBarrel" parent="SmStackedBarrels" instance=ExtResource("26")]
transform = Transform3D(0.683013, -0.258819, 0.683013, 0.707107, -4.37114e-08, -0.707107, 0.183013, 0.965926, 0.183013, 2.29812, 0.75, 1.23745)

[node name="WallShelf2" parent="." instance=ExtResource("20")]
transform = Transform3D(-1, 0, -8.74228e-08, 0, 1, 0, 8.74228e-08, 0, -1, -3, 4, -5.5)

[node name="Bucket" parent="WallShelf2" instance=ExtResource("21")]
transform = Transform3D(1, 0, 0, 0, 1, 0, 0, 0, 1, -0.75, 0, 0.749995)

[node name="Shelf3" parent="." instance=ExtResource("7")]
transform = Transform3D(1, 0, 0, 0, 1, 0, 0, 0, 1, -4.75, 0.5, -10.25)

[node name="LayingRope1" parent="Shelf3" instance=ExtResource("29")]
transform = Transform3D(-4.37114e-08, 0, 1, 0, 1, 0, -1, 0, -4.37114e-08, 0, 1.75, -0.0503521)

[node name="WallShelf4" parent="." instance=ExtResource("20")]
transform = Transform3D(1, 0, 0, 0, 1, 0, 0, 0, 1, 4, 4, -17.25)

[node name="WallShelf5" parent="." instance=ExtResource("20")]
transform = Transform3D(2.98023e-08, 0, 1, 0, 1, 0, -1, 0, 2.98023e-08, -1.25, 4, -21.75)

[node name="ChainLoop" parent="." instance=ExtResource("12")]
transform = Transform3D(1, 0, 0, 0, 1, 0, 0, 0, 1, -7, 3, -11.5)

[node name="ChainLoop2" parent="." instance=ExtResource("12")]
transform = Transform3D(1, 0, 0, 0, 1, 0, 0, 0, 1, -7, 3, -18)

[node name="Stand" parent="." instance=ExtResource("24")]
transform = Transform3D(0.0344403, -0.852664, -0.521322, 0.999185, 0.0403585, 0, 0.0210398, -0.520898, 0.85336, 2.50442, 0.953261, -18.6651)

[node name="LayingRope4" parent="." instance=ExtResource("25")]
transform = Transform3D(0.5, 0, 0.866025, 0, 1, 0, -0.866025, 0, 0.5, 1.5, 0.5, -0.743467)

[node name="LayingRope3" parent="." instance=ExtResource("30")]
transform = Transform3D(1, 0, 0, 0, 1, 0, 0, 0, 1, 1, 0.5, 0.75)

[node name="Plank2" parent="." instance=ExtResource("32")]
transform = Transform3D(0.00459838, -0.0027214, -0.999986, -0.799695, 0.600383, -0.00531126, 0.600388, 0.799708, 0.000584488, 8.31741, 2.50811, -6.25908)

[node name="Stool" parent="." instance=ExtResource("31")]
transform = Transform3D(1, 0, 0, 0, 1, 0, 0, 0, 1, -0.75, 0.5, 0)

[node name="StoneWall16" parent="." instance=ExtResource("3")]
transform = Transform3D(1, 0, 0, 0, 1, 0, 0, 0, 1, -1.5, 4.5, -22.25)
size = Vector3(11, 8, 1)

[node name="StoneWall21" parent="." instance=ExtResource("3")]
transform = Transform3D(1, 0, 0, 0, 1, 0, 0, 0, 1, 7.375, 4.5, 14.5)
size = Vector3(5.25, 8, 1)

[node name="StoneWall22" parent="." instance=ExtResource("3")]
transform = Transform3D(1, 0, 0, 0, 1, 0, 0, 0, 1, -2.375, 4.5, 14.5)
size = Vector3(4.25, 8, 1)

[node name="ArchwayWDoor" parent="." instance=ExtResource("31_fd1o6")]
transform = Transform3D(1, 0, 0, 0, 1, 0, 0, 0, 1, 2.25, 0.5, 14.5)
door_key_name = "Cell Hall"

[node name="SmStackedBarrels2" parent="." instance=ExtResource("27")]
transform = Transform3D(0.707107, 0, 0.707107, 0, 1, 0, -0.707107, 0, 0.707107, 7, 0.5, 11.5)

[node name="SmStackedPlanks2" parent="." instance=ExtResource("32_05uxv")]
transform = Transform3D(0.866025, 0, -0.5, 0, 1, 0, 0.5, 0, 0.866025, -0.75, 0.5, 9.75)

[node name="SmStackedPlanks" parent="." instance=ExtResource("33_21gew")]
transform = Transform3D(0.866025, 0, -0.5, 0, 1, 0, 0.5, 0, 0.866025, 3.75, 0.5, 7.25)

[node name="InventoryTutorial" type="Area3D" parent="."]
transform = Transform3D(1, 0, 0, 0, 1, 0, 0, 0, 1, 3.75, 0, 3.25)
collision_layer = 0
collision_mask = 2
script = ExtResource("34_yoy6g")

[node name="CollisionShape3D" type="CollisionShape3D" parent="InventoryTutorial"]
transform = Transform3D(1, 0, 0, 0, 1, 0, 0, 0, 1, 0, 4.5, -0.5)
shape = SubResource("BoxShape3D_rvbou")

[node name="Key" parent="." instance=ExtResource("35_fb2me")]
transform = Transform3D(1, 0, 0, 0, 1, 0, 0, 0, 1, 2.5, 0.5, 8.75)
visible = false
item_data = SubResource("Resource_rcox7")

[node name="Urn1" parent="." instance=ExtResource("37_38ko5")]
transform = Transform3D(1, 0, 0, 0, 1, 0, 0, 0, 1, -1, 0.5, 1.5)

[node name="Urn2" parent="." instance=ExtResource("38_83wnf")]
transform = Transform3D(1, 0, 0, 0, 1, 0, 0, 0, 1, -4, 0.5, 3)

[node name="ArchwayWDoor2" parent="." instance=ExtResource("31_fd1o6")]
transform = Transform3D(1.31134e-07, 0, -1, 0, 1, 0, 1, 0, 1.31134e-07, -7.5, 0.5, -14.75)
door_tutorial_popup = true

[node name="OccluderInstance" type="OccluderInstance3D" parent="."]
occluder = ExtResource("39_3i3hg")
bake_mask = 4294967283

[connection signal="body_entered" from="InventoryTutorial" to="inventory_tutorial" method="_on_body_entered"]
