[gd_scene load_steps=44 format=3 uid="uid://dfwtxh61u4p1w"]

[ext_resource type="PackedScene" uid="uid://csjrgcxhntrg" path="res://source/actors/building pieces/basic/stone_floor.tscn" id="1"]
[ext_resource type="PackedScene" uid="uid://coyfxhlkcko0r" path="res://source/actors/rooms/room_template.tscn" id="1_0307w"]
[ext_resource type="PackedScene" uid="uid://db0l5d6phwago" path="res://source/actors/building pieces/basic/stone_wall.tscn" id="3"]
[ext_resource type="PackedScene" uid="uid://ciqhcdlogy3np" path="res://source/actors/decor/misc/hanging_lamp.tscn" id="4"]
[ext_resource type="PackedScene" uid="uid://bpbucejg2mbbm" path="res://source/actors/decor/furniture/stand.tscn" id="5"]
[ext_resource type="PackedScene" uid="uid://dqlc1s8bbnegp" path="res://source/actors/decor/misc/key.tscn" id="6"]
[ext_resource type="PackedScene" uid="uid://baapn46f55fhe" path="res://source/actors/building pieces/pillar.tscn" id="7"]
[ext_resource type="PackedScene" uid="uid://bfj41shy37gn5" path="res://source/actors/decor/misc/barrel.tscn" id="8"]
[ext_resource type="PackedScene" uid="uid://di1wwxw78n6ba" path="res://source/actors/decor/misc/pots/fat_pot.tscn" id="9"]
[ext_resource type="PackedScene" uid="uid://dwftqrh553lc1" path="res://source/actors/decor/furniture/sm_table.tscn" id="10"]
[ext_resource type="PackedScene" uid="uid://dprey8cgl5ux2" path="res://source/actors/decor/misc/pots/sm_tall_pot.tscn" id="11"]
[ext_resource type="PackedScene" uid="uid://fts1qwh5jkyj" path="res://source/actors/decor/misc/plate_w_candle.tscn" id="12"]
[ext_resource type="PackedScene" uid="uid://crmw1mps0n051" path="res://source/actors/decor/misc/wall_rack.tscn" id="13"]
[ext_resource type="PackedScene" uid="uid://6a4fymsbt6h5" path="res://source/actors/decor/misc/rug.tscn" id="14"]
[ext_resource type="PackedScene" uid="uid://bxeqhg7y7wy06" path="res://source/actors/decor/misc/pots/tall_pot.tscn" id="15"]
[ext_resource type="PackedScene" uid="uid://b1k5l8caeklwy" path="res://source/actors/decor/furniture/wall_shelf.tscn" id="16"]
[ext_resource type="PackedScene" uid="uid://dm1gll4fm0v1v" path="res://source/actors/decor/groups/lg_stacked_barrels.tscn" id="17"]
[ext_resource type="PackedScene" uid="uid://samn2dje0fbg" path="res://source/actors/decor/misc/rope/laying_rope_1.tscn" id="18"]
[ext_resource type="PackedScene" uid="uid://bo4luppq7sv50" path="res://source/actors/decor/misc/chain_loop.tscn" id="20"]
[ext_resource type="PackedScene" uid="uid://d1mwp4x3eptlc" path="res://source/actors/decor/groups/sm_stacked_planks2.tscn" id="21"]
[ext_resource type="PackedScene" uid="uid://dnk4gv2subv0a" path="res://source/actors/decor/furniture/large_round_table.tscn" id="22"]
[ext_resource type="PackedScene" uid="uid://cjbokef3jjder" path="res://source/actors/decor/furniture/chair.tscn" id="23"]
[ext_resource type="PackedScene" uid="uid://b8x6fq3iwrnwh" path="res://source/actors/decor/debris/plank_1.tscn" id="24"]
[ext_resource type="PackedScene" uid="uid://c0j1d0qath30j" path="res://source/actors/decor/misc/bucket.tscn" id="25"]
[ext_resource type="PackedScene" uid="uid://bmo0axv5ubxf4" path="res://source/actors/decor/furniture/low_shelf.tscn" id="26"]
[ext_resource type="PackedScene" uid="uid://cdwhh8mxom6hc" path="res://source/actors/decor/furniture/shelf.tscn" id="27"]
[ext_resource type="PackedScene" uid="uid://cd1cuilahjrn8" path="res://source/actors/decor/misc/sm_broken_crate.tscn" id="28"]
[ext_resource type="Script" uid="uid://c8rev6ihosd6u" path="res://source/assets/resources/item_data.gd" id="28_8h402"]
[ext_resource type="AudioStream" uid="uid://kf0n4pfopots" path="res://source/assets/sounds/misc/key_pickup.ogg" id="28_420m3"]
[ext_resource type="PackedScene" uid="uid://do60vw7pnfa80" path="res://source/actors/decor/groups/sm_stacked_barrels.tscn" id="29"]
[ext_resource type="Texture2D" uid="uid://xnufeie5j8rn" path="res://source/assets/ui/inventory/key.png" id="29_w3wd6"]
[ext_resource type="PackedScene" uid="uid://ch5xuf7fbx5ug" path="res://source/actors/decor/misc/rope/laying_rope_3.tscn" id="30"]
[ext_resource type="PackedScene" uid="uid://cc0tty3w5igex" path="res://source/actors/decor/debris/plank_2.tscn" id="31"]
[ext_resource type="PackedScene" uid="uid://i3byua7eq2yc" path="res://source/actors/decor/furniture/stool.tscn" id="32"]
[ext_resource type="PackedScene" uid="uid://cyh3d86iqwioi" path="res://source/actors/decor/misc/double_crate.tscn" id="33"]
[ext_resource type="PackedScene" uid="uid://cq0xi66roalva" path="res://source/actors/decor/misc/sm_crate.tscn" id="34"]
[ext_resource type="PackedScene" uid="uid://gl2we4tjxsd8" path="res://source/actors/decor/misc/broken_barrel.tscn" id="35"]
[ext_resource type="ArrayOccluder3D" uid="uid://cotjy07gwms15" path="res://source/actors/rooms/occluders/room_w_key_1.occ" id="41_j7hgg"]
[ext_resource type="PackedScene" uid="uid://2n0p2swjfvtx" path="res://source/actors/decor/furniture/chest.tscn" id="42_0wkdq"]
[ext_resource type="PackedScene" uid="uid://bntulg3rjloal" path="res://source/actors/building pieces/archways/reg_archway.tscn" id="42_gscoh"]
[ext_resource type="PackedScene" uid="uid://dwue8yvjv7iog" path="res://source/actors/decor/misc/pots/urn_3.tscn" id="42_uw42v"]
[ext_resource type="PackedScene" uid="uid://dkjbo1lmsiv60" path="res://source/actors/decor/misc/pots/urn_2.tscn" id="43_ptoiv"]

[sub_resource type="Resource" id="Resource_invuv"]
script = ExtResource("28_8h402")
name = "Cell Hall Key"
texture = ExtResource("29_w3wd6")
pickup_sound = ExtResource("28_420m3")
self_useable = false
hold_rotation_offset = Vector3(0, 200, 90)
hold_scale_multiplier = 0.5

[node name="RoomWKey1" instance=ExtResource("1_0307w")]

[node name="StoneWall" parent="Walls" index="0" instance=ExtResource("3")]
transform = Transform3D(1, 0, 0, 0, 1, 0, 0, 0, 1, 3, 4.5, -7.25)
size = Vector3(5, 8, 1)

[node name="StoneWall2" parent="Walls" index="1" instance=ExtResource("3")]
transform = Transform3D(1, 0, 0, 0, 1, 0, 0, 0, 1, -0.5, 4.5, 4.75)
size = Vector3(12, 8, 1)

[node name="StoneWall3" parent="Walls" index="2" instance=ExtResource("3")]
transform = Transform3D(1, 0, 0, 0, 1, 0, 0, 0, 1, 5, 4.5, 2.75)
size = Vector3(1, 8, 3)

[node name="StoneWall4" parent="Walls" index="3" instance=ExtResource("3")]
transform = Transform3D(1, 0, 0, 0, 1, 0, 0, 0, 1, 5, 4.5, -5.25)
size = Vector3(1, 8, 3)

[node name="StoneWall5" parent="Walls" index="4" instance=ExtResource("3")]
transform = Transform3D(1, 0, 0, 0, 1, 0, 0, 0, 1, 5, 7, -1.25)
size = Vector3(1, 3, 5)

[node name="StoneWall6" parent="Walls" index="5" instance=ExtResource("3")]
transform = Transform3D(1, 0, 0, 0, 1, 0, 0, 0, 1, -15, 4.5, -1.25)
size = Vector3(15, 8, 1)

[node name="StoneWall7" parent="Walls" index="6" instance=ExtResource("3")]
transform = Transform3D(1, 0, 0, 0, 1, 0, 0, 0, 1, -7, 4.5, 1.75)
size = Vector3(1, 8, 7)

[node name="StoneWall8" parent="Walls" index="7" instance=ExtResource("3")]
transform = Transform3D(1, 0, 0, 0, 1, 0, 0, 0, 1, -23, 4.5, -8.25)
size = Vector3(1, 8, 15)

[node name="StoneWall9" parent="Walls" index="8" instance=ExtResource("3")]
transform = Transform3D(1, 0, 0, 0, 1, 0, 0, 0, 1, 1, 4.5, -15.25)
size = Vector3(1, 8, 15)

[node name="StoneWall10" parent="Walls" index="9" instance=ExtResource("3")]
transform = Transform3D(1, 0, 0, 0, 1, 0, 0, 0, 1, -19.5, 4.5, -16.25)
size = Vector3(8, 8, 1)

[node name="StoneFloor" parent="Floors" index="0" instance=ExtResource("1")]
transform = Transform3D(1, 0, 0, 0, 1, 0, 0, 0, 1, -8.25, 0, -9.75)
size = Vector3(30.5, 1, 28)

[node name="StoneFloor2" parent="Floors" index="1" instance=ExtResource("1")]
transform = Transform3D(1, 0, 0, 0, 1, 0, 0, 0, 1, -9.5, 9, -9.75)
size = Vector3(30, 1, 28)

[node name="StoneWall11" parent="Floors" index="2" instance=ExtResource("3")]
transform = Transform3D(1, 0, 0, 0, 1, 0, 0, 0, 1, -16, 4.5, -19.75)
size = Vector3(1, 8, 6)

[node name="StoneWall12" parent="Floors" index="3" instance=ExtResource("3")]
transform = Transform3D(1, 0, 0, 0, 1, 0, 0, 0, 1, -7.5, 4.5, -23.25)
size = Vector3(18, 8, 1)

[node name="Pillar" parent="Pillars" index="0" instance=ExtResource("7")]
transform = Transform3D(1, 0, 0, 0, 1, 0, 0, 0, 1, -6.25, 1.5, -2)

[node name="Pillar6" parent="Pillars" index="1" instance=ExtResource("7")]
transform = Transform3D(1, 0, 0, 0, 1, 0, 0, 0, 1, -22, 1.5, -2.25)

[node name="Pillar7" parent="Pillars" index="2" instance=ExtResource("7")]
transform = Transform3D(1, 0, 0, 0, 1, 0, 0, 0, 1, -22, 1.5, -15.25)

[node name="Pillar8" parent="Pillars" index="3" instance=ExtResource("7")]
transform = Transform3D(1, 0, 0, 0, 1, 0, 0, 0, 1, -15.25, 1.5, -15.5)

[node name="Pillar9" parent="Pillars" index="4" instance=ExtResource("7")]
transform = Transform3D(1, 0, 0, 0, 1, 0, 0, 0, 1, -15, 1.5, -22.25)

[node name="Pillar10" parent="Pillars" index="5" instance=ExtResource("7")]
transform = Transform3D(1, 0, 0, 0, 1, 0, 0, 0, 1, 0, 1.5, -22.25)

[node name="Pillar2" parent="Pillars" index="6" instance=ExtResource("7")]
transform = Transform3D(1, 0, 0, 0, 1, 0, 0, 0, 1, -6, 1.5, 3.75)

[node name="Pillar3" parent="Pillars" index="7" instance=ExtResource("7")]
transform = Transform3D(1, 0, 0, 0, 1, 0, 0, 0, 1, 4, 1.5, 3.75)

[node name="Pillar4" parent="Pillars" index="8" instance=ExtResource("7")]
transform = Transform3D(1, 0, 0, 0, 1, 0, 0, 0, 1, 4, 1.5, -6.25)

[node name="Pillar5" parent="Pillars" index="9" instance=ExtResource("7")]
transform = Transform3D(1, 0, 0, 0, 1, 0, 0, 0, 1, 0.25, 1.5, -6.5)

[node name="Barrel" parent="Decor" index="0" instance=ExtResource("8")]
transform = Transform3D(1, 0, 0, 0, 1, 0, 0, 0, 1, -4.25, 1.5, 3)

[node name="FatPot" parent="Decor" index="1" instance=ExtResource("9")]
transform = Transform3D(0.866025, 0, -0.5, 0, 1, 0, 0.5, 0, 0.866025, -5.676, 0.5, 2)

[node name="Barrel2" parent="Decor" index="2" instance=ExtResource("8")]
transform = Transform3D(0.258819, 0, -0.965926, 0, 1, 0, 0.965926, 0, 0.258819, 2.074, 1.5, -5.80075)

[node name="Stand" parent="Decor" index="3" instance=ExtResource("5")]
transform = Transform3D(1, 0, 0, 0, 1, 0, 0, 0, 1, -20, 0.5, -3.5)

[node name="HangingLamp" parent="Decor" index="4" instance=ExtResource("4")]
transform = Transform3D(0.5, 0, -0.866025, 0, 1, 0, 0.866025, 0, 0.5, -4.25, 1.25, 0.25)
lit = false

[node name="HangingLamp2" parent="Decor" index="5" instance=ExtResource("4")]
transform = Transform3D(0.5, 0, -0.866025, 0, 1, 0, 0.866025, 0, 0.5, -9.25, 1.25, -10.25)
lit = false
interactable = false

[node name="Rug" parent="Decor" index="6" instance=ExtResource("14")]
transform = Transform3D(0.866025, 0, -0.5, 0, 1, 0, 0.5, 0, 0.866025, 0, 0.532641, -0.5)

[node name="SmTable2" parent="Decor" index="7" instance=ExtResource("10")]
transform = Transform3D(1, 0, 0, 0, 1, 0, 0, 0, 1, -5.5, 0.5, 0)

[node name="SmTallPot" parent="Decor/SmTable2" index="2" instance=ExtResource("11")]
transform = Transform3D(1, 0, 0, 0, 1, 0, 0, 0, 1, -0.5, 1.5, 0.5)

[node name="PlateWCandle" parent="Decor/SmTable2" index="3" instance=ExtResource("12")]
transform = Transform3D(1, 0, 0, 0, 1, 0, 0, 0, 1, 0, 1.5, -0.5)
default_range = 3.0
default_energy = 0.5
lit = false
interactable = false

[node name="SmCrate" parent="Decor" index="8" instance=ExtResource("34")]
transform = Transform3D(0.707106, 0, 0.707106, 0, 1, 0, -0.707106, 0, 0.707106, -14.1239, 0.500001, -17.749)

[node name="SmCrate" parent="Decor/SmCrate" index="2" instance=ExtResource("34")]
transform = Transform3D(0.5, 0, 0.866025, 0, 1, 0, -0.866025, 0, 0.5, 0, 0.75, 0)

[node name="Stool2" parent="Decor" index="9" instance=ExtResource("32")]
transform = Transform3D(0.0803206, -0.996769, -6.91932e-10, 0.996768, 0.0803207, -1.49439e-07, 1.49012e-07, 1.13133e-08, 0.999999, -13, 0.864723, -3)

[node name="DoubleCrate" parent="Decor" index="10" instance=ExtResource("33")]
transform = Transform3D(-0.258819, 0, 0.965925, 0, 1, 0, -0.965925, 0, -0.258819, -0.5, 0.5, -14)

[node name="DoubleCrate5" parent="Decor" index="11" instance=ExtResource("33")]
transform = Transform3D(0.965925, 0, -0.258819, 0, 1, 0, 0.258819, 0, 0.965925, -16.5, 0.5, -3)

[node name="DoubleCrate2" parent="Decor" index="12" instance=ExtResource("33")]
transform = Transform3D(2.23517e-07, 0, 1, 0, 1, 0, -1, 0, 2.23517e-07, -0.5, 1.75, -14)

[node name="DoubleCrate3" parent="Decor" index="13" instance=ExtResource("33")]
transform = Transform3D(0.5, 0, 0.866025, 0, 1, 0, -0.866025, 0, 0.5, -1, 0.5, -10)

[node name="DoubleCrate4" parent="Decor" index="14" instance=ExtResource("33")]
transform = Transform3D(-0.258819, 0, 0.965925, 0, 1, 0, -0.965925, 0, -0.258819, -1, 1.75, -10)

[node name="TallPot2" parent="Decor" index="15" instance=ExtResource("15")]
transform = Transform3D(0.965925, 0, 0.258819, 0, 1, 0, -0.258819, 0, 0.965925, -1, 1.25, -19.75)

[node name="Rug2" parent="Decor" index="16" instance=ExtResource("14")]
transform = Transform3D(0.965925, 0, 0.258819, 0, 1, 0, -0.258819, 0, 0.965925, -16.25, 0.532641, -11.75)

[node name="WallRack" parent="Decor" index="17" instance=ExtResource("13")]
transform = Transform3D(-4.37114e-08, 0, 1, 0, 1, 0, -1, 0, -4.37114e-08, -1, 3.25, 4.25)

[node name="LgStackedBarrels" parent="Decor" index="18" instance=ExtResource("17")]
transform = Transform3D(1, 0, 0, 0, 1, 0, 0, 0, 1, -2, 1.25, 2.75)

[node name="TallPot" parent="Decor" index="19" instance=ExtResource("15")]
transform = Transform3D(1, 0, 0, 0, 1, 0, 0, 0, 1, 3, 1, 2.25)

[node name="WallShelf" parent="Decor" index="20" instance=ExtResource("16")]
transform = Transform3D(-1, 0, 0, 0, 1, 0, 0, 0, -1, -6.5, 4, 0.75)

[node name="LayingRope1" parent="Decor/WallShelf" index="2" instance=ExtResource("18")]
transform = Transform3D(-0.29939, 0, -0.954129, 0, 1, 0, 0.954129, 0, -0.29939, -0.804739, 0, -1.0993)

[node name="SmStackedPlanks2" parent="Decor" index="21" instance=ExtResource("21")]
transform = Transform3D(0.385761, 0, 0.922599, 0, 1, 0, -0.922599, 0, 0.385761, -8.09154, 2, -9.43401)

[node name="ChainLoop" parent="Decor" index="22" instance=ExtResource("20")]
transform = Transform3D(-4.37114e-08, 0, 1, 0, 1, 0, -1, 0, -4.37114e-08, -12.25, 2.75, -1.75)

[node name="ChainLoop5" parent="Decor" index="23" instance=ExtResource("20")]
transform = Transform3D(1, 0, 1.06581e-14, 0, 1, 0, -1.06581e-14, 0, 1, -14.75, 2.75, -8.5)

[node name="ChainLoop6" parent="Decor" index="24" instance=ExtResource("20")]
transform = Transform3D(-4.37114e-08, 0, -1, 0, 1, 0, 1, 0, -4.37114e-08, -7.75, 2.75, -15)

[node name="ChainLoop3" parent="Decor" index="25" instance=ExtResource("20")]
transform = Transform3D(-4.37114e-08, 0, 1, 0, 1, 0, -1, 0, -4.37114e-08, -14, 2.75, -1.75)

[node name="ChainLoop2" parent="Decor" index="26" instance=ExtResource("20")]
transform = Transform3D(-4.37114e-08, 0, 1, 0, 1, 0, -1, 0, -4.37114e-08, -18.25, 2.75, -1.75)

[node name="ChainLoop4" parent="Decor" index="27" instance=ExtResource("20")]
transform = Transform3D(-4.37114e-08, 0, 1, 0, 1, 0, -1, 0, -4.37114e-08, -20, 2.75, -1.75)

[node name="WallShelf5" parent="Decor" index="28" instance=ExtResource("16")]
transform = Transform3D(-4.37114e-08, 0, -1, 0, 1, 0, 1, 0, -4.37114e-08, -13.25, 4, -1.75)

[node name="WallShelf6" parent="Decor" index="29" instance=ExtResource("16")]
transform = Transform3D(-4.37114e-08, 0, -1, 0, 1, 0, 1, 0, -4.37114e-08, -19.25, 4, -1.75)

[node name="SmTable" parent="Decor" index="30" instance=ExtResource("10")]
transform = Transform3D(-4.37114e-08, 0, 1, 0, 1, 0, -1, 0, -4.37114e-08, -8.25, 0.5, -2.5)

[node name="Bucket" parent="Decor/SmTable" index="2" instance=ExtResource("25")]
transform = Transform3D(0.5, 0, -0.866025, 0, 1, 0, 0.866025, 0, 0.5, -1.90735e-06, 1.5, 0.5)

[node name="LargeRoundTable" parent="Decor" index="31" instance=ExtResource("22")]
transform = Transform3D(1, 0, 0, 0, 1, 0, 0, 0, 1, -9.25, 0.5, -10.25)

[node name="PlateWCandle" parent="Decor/LargeRoundTable" index="2" instance=ExtResource("12")]
transform = Transform3D(1, 0, 0, 0, 1, 0, 0, 0, 1, 0, 1.5, 0)
default_range = 3.0
default_energy = 0.5
lit = false
interactable = false

[node name="LayingRope3" parent="Decor/LargeRoundTable" index="3" instance=ExtResource("30")]
transform = Transform3D(1, 0, 0, 0, 1, 0, 0, 0, 1, -0.75, 1.5, 1)

[node name="SmTallPot" parent="Decor/LargeRoundTable" index="4" instance=ExtResource("11")]
transform = Transform3D(1, 0, 0, 0, 1, 0, 0, 0, 1, 1.25, 1.5, -1)

[node name="SmTallPot2" parent="Decor/LargeRoundTable" index="5" instance=ExtResource("11")]
transform = Transform3D(0.258819, 0, -0.965926, 0, 1, 0, 0.965926, 0, 0.258819, -1.5, 1.5, 0)

[node name="Chair" parent="Decor" index="32" instance=ExtResource("23")]
transform = Transform3D(0.5, 0, 0.866025, 0, 1, 0, -0.866025, 0, 0.5, -10.25, 0.5, -7.25)

[node name="Chair3" parent="Decor" index="33" instance=ExtResource("23")]
transform = Transform3D(0.866025, 0, 0.5, 0, 1, 0, -0.5, 0, 0.866025, -11.5, 0.5, -8.25)

[node name="Chair6" parent="Decor" index="34" instance=ExtResource("23")]
transform = Transform3D(0.926292, 0, -0.376806, 0, 1, 0, 0.376806, 0, 0.926292, -12.1801, 0.5, -11.1616)

[node name="Chair2" parent="Decor" index="35" instance=ExtResource("23")]
transform = Transform3D(-1, 0, -2.98023e-08, 0, 1, 0, 2.98023e-08, 0, -1, -6.25, 0.5, -10)

[node name="WallShelf2" parent="Decor" index="36" instance=ExtResource("16")]
transform = Transform3D(-4.37114e-08, 0, 1, 0, 1, 0, -1, 0, -4.37114e-08, -18.5, 4, -15.75)

[node name="WallShelf3" parent="Decor" index="37" instance=ExtResource("16")]
transform = Transform3D(-1, 0, -8.74228e-08, 0, 1, 0, 8.74228e-08, 0, -1, -15.5, 4, -19)

[node name="Plank1" parent="Decor" index="38" instance=ExtResource("24")]
transform = Transform3D(0.287531, 0.232185, -0.929202, -0.597696, 0.801576, 0.0153439, 0.748388, 0.550968, 0.369254, -21, 3.12974, -10.4333)

[node name="LowShelf" parent="Decor" index="39" instance=ExtResource("26")]
transform = Transform3D(-0.258819, 0, -0.965926, 0, 1, 0, 0.965926, 0, -0.258819, -21, 0.5, -9)

[node name="FatPot" parent="Decor/LowShelf" index="2" instance=ExtResource("9")]
transform = Transform3D(0.5, 0, -0.866025, 0, 1, 0, 0.866025, 0, 0.5, 0.418258, 1.75, -0.370892)

[node name="SmBrokenCrate" parent="Decor/LowShelf" index="3" instance=ExtResource("28")]
transform = Transform3D(0.866025, 0, 0.5, 0, 1, 0, -0.5, 0, 0.866025, -0.241482, 0.25, 0.0647049)

[node name="Pillar11" parent="Decor" index="40" instance=ExtResource("7")]
transform = Transform3D(1, 0, 0, 0, 1, 0, 0, 0, 1, -15.25, 1.5, -8.5)

[node name="Pillar12" parent="Decor" index="41" instance=ExtResource("7")]
transform = Transform3D(1, 0, 0, 0, 1, 0, 0, 0, 1, -7.75, 1.5, -15.5)

[node name="Shelf" parent="Decor" index="42" instance=ExtResource("27")]
transform = Transform3D(-4.37114e-08, 0, 1, 0, 1, 0, -1, 0, -4.37114e-08, -21.5, 0.5, -12.75)

[node name="FatPot" parent="Decor/Shelf" index="3" instance=ExtResource("9")]
transform = Transform3D(1, 0, 0, 0, 1, 0, 0, 0, 1, -0.49491, 0.250002, 0.109915)

[node name="Bucket" parent="Decor/Shelf" index="4" instance=ExtResource("25")]
transform = Transform3D(0.866025, 0, -0.5, 0, 1, 0, 0.5, 0, 0.866025, 0.5, 3.25, 0.25)

[node name="LayingRope1" parent="Decor/Shelf" index="5" instance=ExtResource("18")]
transform = Transform3D(0.258819, 0, -0.965926, 0, 1, 0, 0.965926, 0, 0.258819, -0.5, 1.75, 0.0877419)

[node name="LgStackedBarrels2" parent="Decor" index="43" instance=ExtResource("17")]
transform = Transform3D(1, 0, 0, 0, 1, 0, 0, 0, 1, -13.25, 1.25, -21.5)

[node name="LgStackedBarrels3" parent="Decor" index="44" instance=ExtResource("17")]
transform = Transform3D(1, 0, 0, 0, 1, 0, 0, 0, 1, -5, 1.25, -21.5)

[node name="SmStackedBarrels" parent="Decor" index="45" instance=ExtResource("29")]
transform = Transform3D(1, 0, 0, 0, 1, 0, 0, 0, 1, -7.5, 0.5, -21.5)

[node name="WallRack2" parent="Decor" index="46" instance=ExtResource("13")]
transform = Transform3D(-1, 0, 5.96046e-08, 0, 1, 0, -5.96046e-08, 0, -1, 0.5, 3, -17.75)

[node name="Chair4" parent="Decor" index="47" instance=ExtResource("23")]
transform = Transform3D(0.866025, 0, -0.5, 0, 1, 0, 0.5, 0, 0.866025, -6.25, 0.5, -15.5)

[node name="WallRack3" parent="Decor" index="48" instance=ExtResource("13")]
transform = Transform3D(-1, 0, 5.96046e-08, -5.2108e-15, -1, -8.74228e-08, 5.96046e-08, -8.74228e-08, 1, 0.5, 6, -11)

[node name="Chair5" parent="Decor" index="49" instance=ExtResource("23")]
transform = Transform3D(0.866025, -0.5, -2.18557e-08, 0, -4.37114e-08, 1, -0.5, -0.866025, -3.78552e-08, -11.5, 1, -12.25)

[node name="Plank2" parent="Decor" index="50" instance=ExtResource("31")]
transform = Transform3D(0.258819, -0.965926, 0, 0.965926, 0.258819, 0, 0, 0, 1, -8.75, 2.75, -15.5)

[node name="BrokenBarrel" parent="Decor" index="51" instance=ExtResource("35")]
transform = Transform3D(1, 0, 0, 0, 1, 0, 0, 0, 1, -0.5, 1.5, -16.75)

[node name="Barrel3" parent="Decor" index="52" instance=ExtResource("8")]
transform = Transform3D(1, 0, 0, 0, 1, 0, 0, 0, 1, -19, 1.5, -14.5)

[node name="BrokenBarrel2" parent="Decor" index="53" instance=ExtResource("35")]
transform = Transform3D(0.5, 0, -0.866025, 0, 1, 0, 0.866025, 0, 0.5, -17, 1.5, -14.25)

[node name="Urn3" parent="Decor" index="54" instance=ExtResource("42_uw42v")]
transform = Transform3D(1, 0, 0, 0, 1, 0, 0, 0, 1, -10.25, 0.5, -2.75)

[node name="Urn2" parent="Decor" index="55" instance=ExtResource("43_ptoiv")]
transform = Transform3D(1, 0, 0, 0, 1, 0, 0, 0, 1, -11.5, 0.5, -2.5)

[node name="Chest" parent="Decor" index="56" instance=ExtResource("42_0wkdq")]
transform = Transform3D(-4.37114e-08, 0, -1, 0, 1, 0, 1, 0, -4.37114e-08, -21.5, 0.5, -5.5)

[node name="Key" parent="Decor/Chest" index="6" instance=ExtResource("6")]
transform = Transform3D(-0.258819, 0, 0.965926, 0, 1, 0, -0.965926, 0, -0.258819, 0.25, 0.25, 0)
item_data = SubResource("Resource_invuv")
enable_highlight_light = true

[node name="OccluderInstance" parent="." index="8"]
occluder = ExtResource("41_j7hgg")

[node name="RegArchway" parent="." index="9" instance=ExtResource("42_gscoh")]
transform = Transform3D(-4.37114e-08, 0, -1, 0, 1, 0, 1, 0, -4.37114e-08, 4.5, 0.5, -1.25)
length = 2.5
