[gd_scene load_steps=3 format=3 uid="uid://07rmmtw1rpa7"]

[sub_resource type="ImmediateMesh" id="ImmediateMesh_3hj8u"]

[sub_resource type="ImmediateMesh" id="ImmediateMesh_tyvyx"]

[node name="Skeleton3D2" type="Skeleton3D"]
bones/0/name = "Bone"
bones/0/parent = -1
bones/0/rest = Transform3D(1, 0, 0, 0, 1, -8.35048e-09, 0, 8.35048e-09, 1, 0, -1.999, 8.7379e-08)
bones/0/enabled = true
bones/0/position = Vector3(0, -1.999, 8.7379e-08)
bones/0/rotation = Quaternion(4.17524e-09, 0, 0, 1)
bones/0/scale = Vector3(1, 1, 1)
bones/1/name = "Bone.002"
bones/1/parent = 0
bones/1/rest = Transform3D(1, 0, 0, 0, 1, 6.04123e-08, 0, -6.04123e-08, 1, 0, 0.723551, 3.55271e-15)
bones/1/enabled = true
bones/1/position = Vector3(0, 0.723551, 3.55271e-15)
bones/1/rotation = Quaternion(-3.02062e-08, 0, 0, 1)
bones/1/scale = Vector3(1, 1, 1)
bones/2/name = "Bone.005"
bones/2/parent = 1
bones/2/rest = Transform3D(1, 0, 0, 0, 1, -1.46197e-09, 0, 1.46197e-09, 1, 0, 0.657457, 0)
bones/2/enabled = true
bones/2/position = Vector3(0, 0.657457, 0)
bones/2/rotation = Quaternion(7.30985e-10, 0, 0, 1)
bones/2/scale = Vector3(1, 1, 1)
bones/3/name = "Bone.006"
bones/3/parent = 2
bones/3/rest = Transform3D(1, 0, 0, 0, 1, 2.72677e-09, 0, -2.72677e-09, 1, 0, 0.61799, 0)
bones/3/enabled = true
bones/3/position = Vector3(0, 0.61799, 0)
bones/3/rotation = Quaternion(-1.36338e-09, 0, 0, 1)
bones/3/scale = Vector3(1, 1, 1)
bones/4/name = "pec1.l"
bones/4/parent = 1
bones/4/rest = Transform3D(0.532793, 0.83954, 0.10632, -0.516849, 0.42231, -0.744662, -0.670074, 0.341799, 0.658919, 0, 0.657457, 0)
bones/4/enabled = true
bones/4/position = Vector3(0, 0.657457, 0)
bones/4/rotation = Quaternion(0.335993, 0.240103, -0.419469, 0.808397)
bones/4/scale = Vector3(1, 1, 1)
bones/5/name = "shoulder1.l"
bones/5/parent = 4
bones/5/rest = Transform3D(0.458297, 0.806412, 0.373716, -0.611919, -0.0186712, 0.790699, 0.644607, -0.591059, 0.484902, 0, 0.532347, -7.45058e-09)
bones/5/enabled = true
bones/5/position = Vector3(0, 0.532347, -7.45058e-09)
bones/5/rotation = Quaternion(-0.498012, -0.0976344, -0.511194, 0.693637)
bones/5/scale = Vector3(1, 1, 1)
bones/6/name = "upperarm1.l"
bones/6/parent = 5
bones/6/rest = Transform3D(0.884654, -0.11886, 0.450843, 0.118858, -0.87752, -0.464576, 0.450843, 0.464575, -0.762175, -5.21541e-08, 1.5666, -2.23517e-08)
bones/6/enabled = true
bones/6/position = Vector3(-5.21541e-08, 1.5666, -2.23517e-08)
bones/6/rotation = Quaternion(0.938663, -4.52434e-07, 0.240152, 0.247467)
bones/6/scale = Vector3(1, 1, 1)
bones/7/name = "forearm1.l"
bones/7/parent = 6
bones/7/rest = Transform3D(0.999124, -0.0406208, 0.0100239, 0.0418274, 0.964054, -0.262394, 0.000995087, 0.262583, 0.964909, 3.63216e-08, 1.42844, -6.14673e-08)
bones/7/enabled = true
bones/7/position = Vector3(3.63216e-08, 1.42844, -6.14673e-08)
bones/7/rotation = Quaternion(0.13244, 0.00227776, 0.0207999, 0.99097)
bones/7/scale = Vector3(1, 1, 1)
bones/8/name = "pec1.r"
bones/8/parent = 1
bones/8/rest = Transform3D(0.532793, -0.83954, -0.10632, 0.516849, 0.42231, -0.744662, 0.670074, 0.341799, 0.658919, 0, 0.657457, 0)
bones/8/enabled = true
bones/8/position = Vector3(0, 0.657457, 0)
bones/8/rotation = Quaternion(0.335993, -0.240103, 0.419469, 0.808397)
bones/8/scale = Vector3(1, 1, 1)
bones/9/name = "shoulder1.r"
bones/9/parent = 8
bones/9/rest = Transform3D(0.458297, -0.806412, -0.373716, 0.611919, -0.0186712, 0.790699, -0.644607, -0.591059, 0.484902, 0, 0.532347, -7.45058e-09)
bones/9/enabled = true
bones/9/position = Vector3(0, 0.532347, -7.45058e-09)
bones/9/rotation = Quaternion(-0.498012, 0.0976344, 0.511194, 0.693637)
bones/9/scale = Vector3(1, 1, 1)
bones/10/name = "upperarm1.r"
bones/10/parent = 9
bones/10/rest = Transform3D(0.884654, 0.11886, -0.450843, -0.118858, -0.87752, -0.464576, -0.450843, 0.464575, -0.762175, 5.21541e-08, 1.5666, -2.23517e-08)
bones/10/enabled = true
bones/10/position = Vector3(5.21541e-08, 1.5666, -2.23517e-08)
bones/10/rotation = Quaternion(0.938663, 4.52434e-07, -0.240152, 0.247467)
bones/10/scale = Vector3(1, 1, 1)
bones/11/name = "forearm1.r"
bones/11/parent = 10
bones/11/rest = Transform3D(0.999124, 0.0406208, -0.0100239, -0.0418274, 0.964054, -0.262394, -0.000995087, 0.262583, 0.964909, -3.63216e-08, 1.42844, -6.14673e-08)
bones/11/enabled = true
bones/11/position = Vector3(-3.63216e-08, 1.42844, -6.14673e-08)
bones/11/rotation = Quaternion(0.13244, -0.00227776, -0.0207999, 0.99097)
bones/11/scale = Vector3(1, 1, 1)
bones/12/name = "pec2.l"
bones/12/parent = -1
bones/12/rest = Transform3D(-0.376251, 0.906006, -0.193879, 0, 0.209255, 0.977861, 0.926518, 0.367921, -0.0787324, 0, -1.999, 8.7379e-08)
bones/12/enabled = true
bones/12/position = Vector3(0, -1.999, 8.7379e-08)
bones/12/rotation = Quaternion(0.35115, 0.645027, 0.521599, -0.434244)
bones/12/scale = Vector3(1, 1, 1)
bones/13/name = "shoulder2.l"
bones/13/parent = 12
bones/13/rest = Transform3D(-0.0271714, -0.999613, 0.00598253, 0.999613, -0.0272062, -0.00582211, 0.00598261, 0.00582202, 0.999965, 1.21393e-08, 0.497513, -9.31323e-08)
bones/13/enabled = true
bones/13/position = Vector3(1.21393e-08, 0.497513, -9.31323e-08)
bones/13/rotation = Quaternion(0.00417399, -2.83768e-08, 0.716649, 0.697422)
bones/13/scale = Vector3(1, 1, 1)
bones/14/name = "upperarm2.ll"
bones/14/parent = 13
bones/14/rest = Transform3D(-0.792668, 0.464638, 0.3947, -0.464638, -0.879571, 0.102302, 0.3947, -0.102301, 0.913097, 1.49012e-08, 1.5683, -3.72529e-08)
bones/14/enabled = true
bones/14/position = Vector3(1.49012e-08, 1.5683, -3.72529e-08)
bones/14/rotation = Quaternion(0.20845, 1.88871e-07, 0.946749, -0.245386)
bones/14/scale = Vector3(0.999999, 1, 1)
bones/15/name = "forearm2.l"
bones/15/parent = 14
bones/15/rest = Transform3D(0.965056, 0.262022, 0.00328426, -0.261931, 0.964202, 0.0413026, 0.00765552, -0.0407196, 0.999141, -1.08033e-07, 1.43222, -5.58794e-08)
bones/15/enabled = true
bones/15/position = Vector3(-1.08033e-07, 1.43222, -5.58794e-08)
bones/15/rotation = Quaternion(-0.0206916, -0.00110273, -0.132177, 0.99101)
bones/15/scale = Vector3(1, 1, 1)
bones/16/name = "pec2.r"
bones/16/parent = -1
bones/16/rest = Transform3D(-0.376251, -0.906006, 0.193879, 0, 0.209255, 0.977861, -0.926518, 0.367921, -0.0787324, 0, -1.999, 8.7379e-08)
bones/16/enabled = true
bones/16/position = Vector3(0, -1.999, 8.7379e-08)
bones/16/rotation = Quaternion(-0.35115, 0.645027, 0.521599, 0.434244)
bones/16/scale = Vector3(1, 1, 1)
bones/17/name = "shoulder2.r"
bones/17/parent = 16
bones/17/rest = Transform3D(-0.0271714, 0.999613, -0.00598253, -0.999613, -0.0272062, -0.00582211, -0.00598261, 0.00582202, 0.999965, -1.21393e-08, 0.497513, -9.31323e-08)
bones/17/enabled = true
bones/17/position = Vector3(-1.21393e-08, 0.497513, -9.31323e-08)
bones/17/rotation = Quaternion(0.00417399, 2.83768e-08, -0.716649, 0.697422)
bones/17/scale = Vector3(1, 1, 1)
bones/18/name = "upperarm2.r"
bones/18/parent = 17
bones/18/rest = Transform3D(-0.858996, -0.464638, -0.215028, 0.475767, -0.879571, 2.29478e-06, -0.189133, -0.102301, 0.976608, -1.49012e-08, 1.5683, -3.72529e-08)
bones/18/enabled = true
bones/18/position = Vector3(-1.49012e-08, 1.5683, -3.72529e-08)
bones/18/rotation = Quaternion(-0.104842, -0.0265369, 0.96374, 0.243947)
bones/18/scale = Vector3(1, 1, 1)
bones/19/name = "forearm2.r"
bones/19/parent = 18
bones/19/rest = Transform3D(0.965021, -0.262134, 0.00434508, 0.26217, 0.964888, -0.0160514, 1.51133e-05, 0.0166291, 0.999862, 2.37718e-07, 1.43222, -9.45124e-08)
bones/19/enabled = true
bones/19/position = Vector3(2.37718e-07, 1.43222, -9.45124e-08)
bones/19/rotation = Quaternion(0.00824281, 0.00109212, 0.132242, 0.991183)
bones/19/scale = Vector3(1, 1, 1)

[node name="_MeshInstance3D_34687" type="MeshInstance3D" parent="."]
visible = false
cast_shadow = 0
mesh = SubResource("ImmediateMesh_3hj8u")
skeleton = NodePath("")

[node name="_MeshInstance3D_36261" type="MeshInstance3D" parent="."]
visible = false
cast_shadow = 0
mesh = SubResource("ImmediateMesh_tyvyx")
skeleton = NodePath("")
