[gd_scene load_steps=2 format=3 uid="uid://dm1gll4fm0v1v"]

[ext_resource type="PackedScene" uid="uid://bfj41shy37gn5" path="res://source/actors/decor/misc/barrel.tscn" id="1"]

[node name="lg_stacked_barrels" type="Node3D"]

[node name="barrel" parent="." instance=ExtResource("1")]
transform = Transform3D(0.965926, 1.13133e-08, 0.258819, 0.258819, -4.2222e-08, -0.965926, 0, 1, -4.37114e-08, 0, 0, 0)

[node name="barrel2" parent="." instance=ExtResource("1")]
transform = Transform3D(0.707107, -3.09086e-08, -0.707107, -0.707107, -3.09086e-08, -0.707107, 0, 1, -4.37114e-08, 1.625, 0, 0)

[node name="barrel3" parent="." instance=ExtResource("1")]
transform = Transform3D(0.258819, -4.2222e-08, -0.965926, -0.965926, -1.13133e-08, -0.258819, 0, 1, -4.37114e-08, 3.25, 0, 0)

[node name="barrel4" parent="." instance=ExtResource("1")]
transform = Transform3D(-4.37114e-08, 4.37114e-08, 1, 1, 1.91069e-15, 4.37114e-08, 0, 1, -4.37114e-08, 0.813, 1.325, 0)

[node name="barrel5" parent="." instance=ExtResource("1")]
transform = Transform3D(-0.965926, 1.13133e-08, 0.258819, 0.258819, 4.2222e-08, 0.965926, 0, 1, -4.37114e-08, 2.438, 1.325, 0)
